6.410405696926492965e+05	4.937754007519264705e+06	5.329749507458485880e+01
6.410406366949483054e+05	4.937753968860402703e+06	5.326130835109162831e+01
6.410406734944742639e+05	4.937753947508373298e+06	5.326130835109162831e+01
6.410406901820898056e+05	4.937753937761804089e+06	5.326130835109162831e+01
6.410407234463945497e+05	4.937753918164426461e+06	5.326130835109162831e+01
6.410407893322092714e+05	4.937753878406379372e+06	5.326130835109162831e+01
6.410408411826416850e+05	4.937753845853939652e+06	5.326130835109162831e+01
6.410408732450858224e+05	4.937753824867404997e+06	5.326130835109162831e+01
6.410409114805037389e+05	4.937753799007667229e+06	5.326733947167383576e+01
6.410409558233384741e+05	4.937753768149225041e+06	5.324924610992722052e+01
6.410409905143559445e+05	4.937753743571787141e+06	5.324924610992722052e+01
6.410410251168393297e+05	4.937753718864285387e+06	5.324924610992722052e+01
6.410410659507802920e+05	4.937753689699472860e+06	5.326733947167383576e+01
6.410410879329644376e+05	4.937753674091569148e+06	5.326733947167383576e+01
6.410411382297704695e+05	4.937753638915154152e+06	5.326733947167383576e+01
6.410412140342597850e+05	4.937753588289042935e+06	5.326733947167383576e+01
6.410412522097609472e+05	4.937753564355192706e+06	5.326733947167383576e+01
6.410413035095192026e+05	4.937753534305997193e+06	5.326130835109162831e+01
6.410413815966419643e+05	4.937753494076875038e+06	5.324924610992722052e+01
6.410414509986527264e+05	4.937753463022797368e+06	5.327337059225603610e+01
6.410414875960315112e+05	4.937753447684644721e+06	5.327337059225603610e+01
6.410415542987093795e+05	4.937753420399405062e+06	5.329749507458485880e+01
6.410416175522329286e+05	4.937753394011496566e+06	5.329749507458485880e+01
6.410416473752199672e+05	4.937753380965706892e+06	5.328543283342044390e+01
6.410417130969709251e+05	4.937753349826040678e+06	5.326227333038478662e+01
6.410417747214300325e+05	4.937753316694900393e+06	5.320196212456274765e+01
6.410418456429989310e+05	4.937753274840456434e+06	5.319794137750794505e+01
6.410419289377791574e+05	4.937753221708302386e+06	5.318587913634353015e+01
6.410420021593613783e+05	4.937753172427671961e+06	5.317783764223392495e+01
6.410420781108583324e+05	4.937753119786401279e+06	5.318185838928872755e+01
6.410421598792606965e+05	4.937753062579868361e+06	5.315773390695991196e+01
6.410422036916147918e+05	4.937753032162184827e+06	5.312154718346668858e+01
6.410422692333459854e+05	4.937752987199946307e+06	5.309742270113787299e+01
6.410423533332493389e+05	4.937752929490473121e+06	5.313360942463109637e+01
6.410424276917448733e+05	4.937752877796805464e+06	5.310948494230228079e+01
6.410425075437864289e+05	4.937752820845912211e+06	5.310144344819267559e+01
6.410426013941380661e+05	4.937752750896836631e+06	5.306927747175425480e+01
6.410427120764177525e+05	4.937752661648402922e+06	5.305721523058984701e+01
6.410427899811415700e+05	4.937752590342043899e+06	5.307329821880905740e+01
6.410428697333158925e+05	4.937752512583293021e+06	5.302102850709661652e+01
6.410429636876722798e+05	4.937752421577756293e+06	5.298484178360339314e+01
6.410430535516013624e+05	4.937752342058371753e+06	5.296473804832938015e+01
6.410431404565681005e+05	4.937752275471461006e+06	5.288030236017851848e+01
6.410432228593422333e+05	4.937752218273647130e+06	5.286019862490450549e+01
6.410432990928513464e+05	4.937752168479681015e+06	5.285617787784970290e+01
6.410433802542075282e+05	4.937752117169555277e+06	5.284813638374009770e+01
6.410434939044797793e+05	4.937752045500528067e+06	5.284009488963049250e+01
6.410435937335942872e+05	4.937751979806127958e+06	5.276370069558924314e+01
6.410437059883842012e+05	4.937751899809874594e+06	5.275163845442483534e+01
6.410438162067795638e+05	4.937751817727359012e+06	5.274359696031523015e+01
6.410439325918569230e+05	4.937751728365845978e+06	5.270741023682199966e+01
6.410440479853895959e+05	4.937751637620000169e+06	5.272349322504121005e+01
6.410441369599342579e+05	4.937751566601173952e+06	5.271947247798640745e+01
6.410442073025817517e+05	4.937751509962690063e+06	5.270338948976719706e+01
6.410442514707837254e+05	4.937751473765423521e+06	5.263905753689035549e+01
6.410443464224535273e+05	4.937751394192304462e+06	5.263905753689035549e+01
6.410444117720103823e+05	4.937751338446327485e+06	5.263905753689035549e+01
6.410445023654081160e+05	4.937751260567126796e+06	5.263905753689035549e+01
6.410445640607404057e+05	4.937751207560187206e+06	5.261895380161634250e+01
6.410446333016311983e+05	4.937751148516148329e+06	5.256668408990390162e+01
6.410447067230482353e+05	4.937751086849039420e+06	5.254255960757508603e+01
6.410448033697463106e+05	4.937751007842523977e+06	5.254255960757508603e+01
6.410448825822912622e+05	4.937750944838701747e+06	5.253049736641067824e+01
6.410449205834382446e+05	4.937750915010062978e+06	5.251441437819146785e+01
6.410450084239471471e+05	4.937750846694014966e+06	5.245410317236942888e+01
6.410451079986793920e+05	4.937750769707555883e+06	5.243802018415021848e+01
6.410451805961502250e+05	4.937750713419187814e+06	5.243802018415021848e+01
6.410453055320148123e+05	4.937750615158682689e+06	5.242193719593100809e+01
6.410454130714021157e+05	4.937750527177710086e+06	5.242193719593100809e+01
6.410455005857514916e+05	4.937750452996518463e+06	5.241791644887620549e+01
6.410455694949526805e+05	4.937750394060328603e+06	5.241389570182140289e+01
6.410456476451762719e+05	4.937750327780350111e+06	5.239897873024808206e+01
6.410457270061678719e+05	4.937750262226964347e+06	5.239897873024808206e+01
6.410457951877459418e+05	4.937750208153443411e+06	5.238691648908367426e+01
6.410458775107773254e+05	4.937750146508743986e+06	5.233866752442603598e+01
6.410459655479830690e+05	4.937750085387198254e+06	5.231052229504241780e+01
6.410460525755980052e+05	4.937750028607212938e+06	5.227835631860399701e+01
6.410461377337813610e+05	4.937749975499004126e+06	5.227031482449439181e+01
6.410461892813462764e+05	4.937749944167380221e+06	5.225825258332998402e+01
6.410462513753409730e+05	4.937749906952201389e+06	5.221402436572715544e+01
6.410463411091575399e+05	4.937749853649659082e+06	5.218989988339833985e+01
6.410464029609479476e+05	4.937749816854361445e+06	5.219392063045314245e+01
6.410464507549538976e+05	4.937749788186505437e+06	5.218185838928872755e+01
6.410465254007392796e+05	4.937749743232560344e+06	5.217381689517912235e+01
6.410465931429591728e+05	4.937749702800275758e+06	5.214567166579550417e+01
6.410466439070202177e+05	4.937749672704754397e+06	5.210546419524747819e+01
6.410467217193441465e+05	4.937749626857602969e+06	5.211350568935708338e+01
6.410467961719398154e+05	4.937749583247466013e+06	5.209742270113787299e+01
6.410468808780054096e+05	4.937749533847615123e+06	5.207731896586386000e+01
6.410469555714525050e+05	4.937749490399453789e+06	5.207731896586386000e+01
6.410470304666219745e+05	4.937749446866234764e+06	5.207329821880905740e+01
6.410471639329984318e+05	4.937749369308015332e+06	5.205721523058984701e+01
6.410472327887865249e+05	4.937749329537499696e+06	5.201700776004181392e+01
6.410472672953759320e+05	4.937749309662505984e+06	5.200896626593220873e+01
6.410473722911049845e+05	4.937749249311571009e+06	5.197211550078530706e+01
6.410474596191851888e+05	4.937749199129760265e+06	5.195278482541984033e+01
6.410475177854606882e+05	4.937749165641076863e+06	5.193828681889574028e+01
6.410399321734658442e+05	4.937756324461952783e+06	5.311709556602634308e+01
6.410399321734658442e+05	4.937756324461952783e+06	5.311709556602634308e+01
6.410400483045828296e+05	4.937756268926378340e+06	5.315575691675728365e+01
6.410400483045828296e+05	4.937756268926378340e+06	5.315575691675728365e+01
6.410401653956815135e+05	4.937756215340410359e+06	5.314609157907454318e+01
6.410401653956815135e+05	4.937756215340410359e+06	5.314609157907454318e+01
6.410402829980957322e+05	4.937756162799388170e+06	5.314125891023317649e+01
6.410402829980957322e+05	4.937756162799388170e+06	5.314125891023317649e+01
6.410404001739809755e+05	4.937756109708928503e+06	5.314125891023317649e+01
6.410404001739809755e+05	4.937756109708928503e+06	5.314125891023317649e+01
6.410405117314498639e+05	4.937756056577190757e+06	5.319441826748822422e+01
6.410405117314498639e+05	4.937756056577190757e+06	5.319441826748822422e+01
6.410406294773805421e+05	4.937755995457313024e+06	5.320408360517095758e+01
6.410406294773805421e+05	4.937755995457313024e+06	5.320408360517095758e+01
6.410407555259430083e+05	4.937755919748723507e+06	5.320408360517095758e+01
6.410407555259430083e+05	4.937755919748723507e+06	5.320408360517095758e+01
6.410408471772683552e+05	4.937755859805524349e+06	5.317992026096411706e+01
6.410408471772683552e+05	4.937755859805524349e+06	5.317992026096411706e+01
6.410409586532221874e+05	4.937755786304842681e+06	5.312676090370907644e+01
6.410409586532221874e+05	4.937755786304842681e+06	5.312676090370907644e+01
6.410410598548891721e+05	4.937755723468135111e+06	5.313642624139180981e+01
6.410410598548891721e+05	4.937755723468135111e+06	5.313642624139180981e+01
6.410411686706197215e+05	4.937755664080893621e+06	5.309293222181950256e+01
6.410411686706197215e+05	4.937755664080893621e+06	5.309293222181950256e+01
6.410412951238811947e+05	4.937755604247534648e+06	5.308326688413676919e+01
6.410412951238811947e+05	4.937755604247534648e+06	5.308326688413676919e+01
6.410414017160674557e+05	4.937755557133379392e+06	5.304460553340582862e+01
6.410414017160674557e+05	4.937755557133379392e+06	5.304460553340582862e+01
6.410415123484055512e+05	4.937755507829997689e+06	5.302044218919898810e+01
6.410415123484055512e+05	4.937755507829997689e+06	5.302044218919898810e+01
6.410416246084170416e+05	4.937755453665560111e+06	5.299144617615078090e+01
6.410416246084170416e+05	4.937755453665560111e+06	5.299144617615078090e+01
6.410417116281299386e+05	4.937755405931255780e+06	5.296245016310257370e+01
6.410417116281299386e+05	4.937755405931255780e+06	5.296245016310257370e+01
6.410418352293600328e+05	4.937755328715076670e+06	5.297211550078530706e+01
6.410418352293600328e+05	4.937755328715076670e+06	5.297211550078530706e+01
6.410419589312357130e+05	4.937755243258822709e+06	5.295278482541984033e+01
6.410419589312357130e+05	4.937755243258822709e+06	5.295278482541984033e+01
6.410420655313231982e+05	4.937755166124060750e+06	5.295278482541984033e+01
6.410420655313231982e+05	4.937755166124060750e+06	5.295278482541984033e+01
6.410421796867249068e+05	4.937755083524449728e+06	5.295278482541984033e+01
6.410421796867249068e+05	4.937755083524449728e+06	5.295278482541984033e+01
6.410423032536343671e+05	4.937754998307996430e+06	5.290445813700616640e+01
6.410423032536343671e+05	4.937754998307996430e+06	5.290445813700616640e+01
6.410424141482448904e+05	4.937754928122799844e+06	5.285613144859248536e+01
6.410424141482448904e+05	4.937754928122799844e+06	5.285613144859248536e+01
6.410425063418484060e+05	4.937754872369741090e+06	5.283196810438565194e+01
6.410425063418484060e+05	4.937754872369741090e+06	5.283196810438565194e+01
6.410426073079893831e+05	4.937754813050410710e+06	5.284646611090975199e+01
6.410426073079893831e+05	4.937754813050410710e+06	5.284646611090975199e+01
6.410427170575211057e+05	4.937754750061844476e+06	5.286579678627522583e+01
6.410427170575211057e+05	4.937754750061844476e+06	5.286579678627522583e+01
6.410428232535131974e+05	4.937754690030364320e+06	5.283680077322701862e+01
6.410428232535131974e+05	4.937754690030364320e+06	5.283680077322701862e+01
6.410429420734776650e+05	4.937754623268721625e+06	5.283196810438565194e+01
6.410429420734776650e+05	4.937754623268721625e+06	5.283196810438565194e+01
6.410430487380938139e+05	4.937754563123906031e+06	5.282713543554427815e+01
6.410430487380938139e+05	4.937754563123906031e+06	5.282713543554427815e+01
6.410431430540730944e+05	4.937754509337199852e+06	5.282713543554427815e+01
6.410431430540730944e+05	4.937754509337199852e+06	5.282713543554427815e+01
6.410431922037370969e+05	4.937754480954776518e+06	5.280297209133744474e+01
6.410431922037370969e+05	4.937754480954776518e+06	5.280297209133744474e+01
6.410432699132229900e+05	4.937754435471045785e+06	5.274014739639966365e+01
6.410432699132229900e+05	4.937754435471045785e+06	5.274014739639966365e+01
6.410433810647609644e+05	4.937754370848268270e+06	5.274498006524103033e+01
6.410433810647609644e+05	4.937754370848268270e+06	5.274498006524103033e+01
6.410434722146037966e+05	4.937754318282593973e+06	5.272081672103418981e+01
6.410434722146037966e+05	4.937754318282593973e+06	5.272081672103418981e+01
6.410435705501581542e+05	4.937754261361385696e+06	5.274050984656276597e+01
6.410435705501581542e+05	4.937754261361385696e+06	5.274050984656276597e+01
6.410437027800693177e+05	4.937754183347137645e+06	5.272601184003866592e+01
6.410437027800693177e+05	4.937754183347137645e+06	5.272601184003866592e+01
6.410438535624048673e+05	4.937754090329525992e+06	5.271151383351455877e+01
6.410438535624048673e+05	4.937754090329525992e+06	5.271151383351455877e+01
6.410439136780998670e+05	4.937754051440538839e+06	5.271151383351455877e+01
6.410439136780998670e+05	4.937754051440538839e+06	5.271151383351455877e+01
6.410439887254855130e+05	4.937754000831557438e+06	5.269218315814909204e+01
6.410439887254855130e+05	4.937754000831557438e+06	5.269218315814909204e+01
6.410440393464280060e+05	4.937753965042215772e+06	5.267285248278361820e+01
6.410440393464280060e+05	4.937753965042215772e+06	5.267285248278361820e+01
6.410441048074081773e+05	4.937753917027095333e+06	5.264385646973541100e+01
6.410441048074081773e+05	4.937753917027095333e+06	5.264385646973541100e+01
6.410441923725196393e+05	4.937753850413637236e+06	5.266801981394225152e+01
6.410441923725196393e+05	4.937753850413637236e+06	5.266801981394225152e+01
6.410442377488532802e+05	4.937753815145465545e+06	5.264868913857677768e+01
6.410442377488532802e+05	4.937753815145465545e+06	5.264868913857677768e+01
6.410443093737293966e+05	4.937753758934963495e+06	5.264385646973541100e+01
6.410443093737293966e+05	4.937753758934963495e+06	5.264385646973541100e+01
6.410443658858060371e+05	4.937753714497173205e+06	5.262935846321131095e+01
6.410443658858060371e+05	4.937753714497173205e+06	5.262935846321131095e+01
6.410444073953826446e+05	4.937753682017093524e+06	5.261969312552857758e+01
6.410444073953826446e+05	4.937753682017093524e+06	5.261969312552857758e+01
6.410444566073424648e+05	4.937753643883105367e+06	5.261002778784583711e+01
6.410444566073424648e+05	4.937753643883105367e+06	5.261002778784583711e+01
6.410445175312774954e+05	4.937753597527694888e+06	5.261969312552857758e+01
6.410445175312774954e+05	4.937753597527694888e+06	5.261969312552857758e+01
6.410446099939423148e+05	4.937753529752869159e+06	5.261002778784583711e+01
6.410446099939423148e+05	4.937753529752869159e+06	5.261002778784583711e+01
6.410446255630864762e+05	4.937753518716526218e+06	5.260519511900447043e+01
6.410446255630864762e+05	4.937753518716526218e+06	5.260519511900447043e+01
6.410446723931749584e+05	4.937753485782393254e+06	5.261002778784583711e+01
6.410446723931749584e+05	4.937753485782393254e+06	5.261002778784583711e+01
6.410447231980323559e+05	4.937753450162235647e+06	5.261002778784583711e+01
6.410447231980323559e+05	4.937753450162235647e+06	5.261002778784583711e+01
6.410447388496604981e+05	4.937753439222596586e+06	5.261002778784583711e+01
6.410447388496604981e+05	4.937753439222596586e+06	5.261002778784583711e+01
6.410448133542651776e+05	4.937753387457565404e+06	5.261002778784583711e+01
6.410448133542651776e+05	4.937753387457565404e+06	5.261002778784583711e+01
6.410448330119621241e+05	4.937753373903952539e+06	5.261002778784583711e+01
6.410448330119621241e+05	4.937753373903952539e+06	5.261002778784583711e+01
6.410449237794551300e+05	4.937753312055431306e+06	5.260519511900447043e+01
6.410449237794551300e+05	4.937753312055431306e+06	5.260519511900447043e+01
6.410449515322109219e+05	4.937753293425726704e+06	5.260519511900447043e+01
6.410449515322109219e+05	4.937753293425726704e+06	5.260519511900447043e+01
6.410450192227582447e+05	4.937753248640370555e+06	5.261002778784583711e+01
6.410450192227582447e+05	4.937753248640370555e+06	5.261002778784583711e+01
6.410450472267207224e+05	4.937753230410221964e+06	5.260519511900447043e+01
6.410450472267207224e+05	4.937753230410221964e+06	5.260519511900447043e+01
6.410451317571930122e+05	4.937753176570678130e+06	5.260519511900447043e+01
6.410451317571930122e+05	4.937753176570678130e+06	5.260519511900447043e+01
6.410452008208959596e+05	4.937753134045065381e+06	5.258586444363900370e+01
6.410452008208959596e+05	4.937753134045065381e+06	5.258586444363900370e+01
6.410452746498783818e+05	4.937753090202128515e+06	5.260036245016310374e+01
6.410452746498783818e+05	4.937753090202128515e+06	5.260036245016310374e+01
6.410453746976588154e+05	4.937753033808140084e+06	5.259069711248037038e+01
6.410453746976588154e+05	4.937753033808140084e+06	5.259069711248037038e+01
6.410454253781986190e+05	4.937753006386030465e+06	5.258586444363900370e+01
6.410454253781986190e+05	4.937753006386030465e+06	5.258586444363900370e+01
6.410454892123056343e+05	4.937752972697638907e+06	5.257619910595626322e+01
6.410454892123056343e+05	4.937752972697638907e+06	5.257619910595626322e+01
6.410456438655359671e+05	4.937752893748415634e+06	5.247954572912891535e+01
6.410456438655359671e+05	4.937752893748415634e+06	5.247954572912891535e+01
6.410457560395366745e+05	4.937752837575776502e+06	5.247471306028754867e+01
6.410457560395366745e+05	4.937752837575776502e+06	5.247471306028754867e+01
6.410458421184174949e+05	4.937752794347903691e+06	5.245538238492207483e+01
6.410458421184174949e+05	4.937752794347903691e+06	5.245538238492207483e+01
6.410459574440757278e+05	4.937752735349884257e+06	5.241188836534976758e+01
6.410459574440757278e+05	4.937752735349884257e+06	5.241188836534976758e+01
6.410459913307785755e+05	4.937752717637469061e+06	5.238289235230156038e+01
6.410459913307785755e+05	4.937752717637469061e+06	5.238289235230156038e+01
6.410460763470492093e+05	4.937752674073131755e+06	5.236839434577746033e+01
6.410460763470492093e+05	4.937752674073131755e+06	5.236839434577746033e+01
6.410461532491885591e+05	4.937752635710212402e+06	5.236839434577746033e+01
6.410461532491885591e+05	4.937752635710212402e+06	5.236839434577746033e+01
6.410461960293848533e+05	4.937752614580481313e+06	5.236356167693608654e+01
6.410461960293848533e+05	4.937752614580481313e+06	5.236356167693608654e+01
6.410462814932347974e+05	4.937752572364088148e+06	5.234906367041198649e+01
6.410462814932347974e+05	4.937752572364088148e+06	5.234906367041198649e+01
6.410464129770540167e+05	4.937752505873262882e+06	5.234906367041198649e+01
6.410464129770540167e+05	4.937752505873262882e+06	5.234906367041198649e+01
6.410464255960012088e+05	4.937752499303815886e+06	5.232973299504651266e+01
6.410464255960012088e+05	4.937752499303815886e+06	5.232973299504651266e+01
6.410465131983142346e+05	4.937752452315377071e+06	5.231523498852241261e+01
6.410465131983142346e+05	4.937752452315377071e+06	5.231523498852241261e+01
6.410465297183487564e+05	4.937752443132391199e+06	5.229107164431557209e+01
6.410465297183487564e+05	4.937752443132391199e+06	5.229107164431557209e+01
6.410465951674878597e+05	4.937752405496440828e+06	5.225241029358463152e+01
6.410465951674878597e+05	4.937752405496440828e+06	5.225241029358463152e+01
6.410466395083612297e+05	4.937752378671101294e+06	5.224757762474326483e+01
6.410466395083612297e+05	4.937752378671101294e+06	5.224757762474326483e+01
6.410466753409389639e+05	4.937752356068418361e+06	5.222341428053643142e+01
6.410466753409389639e+05	4.937752356068418361e+06	5.222341428053643142e+01
6.410467456622130703e+05	4.937752308437000960e+06	5.223307961821916479e+01
6.410467456622130703e+05	4.937752308437000960e+06	5.223307961821916479e+01
6.410467725631002104e+05	4.937752289026215672e+06	5.221858161169505763e+01
6.410467725631002104e+05	4.937752289026215672e+06	5.221858161169505763e+01
6.410468408199492842e+05	4.937752237271673977e+06	5.222341428053643142e+01
6.410468408199492842e+05	4.937752237271673977e+06	5.222341428053643142e+01
6.410469221102622105e+05	4.937752172043457627e+06	5.221858161169505763e+01
6.410469221102622105e+05	4.937752172043457627e+06	5.221858161169505763e+01
6.410469887417197460e+05	4.937752116901343688e+06	5.216542225444001701e+01
6.410469887417197460e+05	4.937752116901343688e+06	5.216542225444001701e+01
6.410470590118792607e+05	4.937752058438066393e+06	5.214609157907454318e+01
6.410470590118792607e+05	4.937752058438066393e+06	5.214609157907454318e+01
6.410471483709599124e+05	4.937751985515700653e+06	5.212192823486770976e+01
6.410471483709599124e+05	4.937751985515700653e+06	5.212192823486770976e+01
6.410472264601527713e+05	4.937751921093469486e+06	5.208809955297813588e+01
6.410472264601527713e+05	4.937751921093469486e+06	5.208809955297813588e+01
6.410472820312081603e+05	4.937751874476741999e+06	5.208809955297813588e+01
6.410472820312081603e+05	4.937751874476741999e+06	5.208809955297813588e+01
6.410473783106821356e+05	4.937751793460347690e+06	5.203494019572308815e+01
6.410473783106821356e+05	4.937751793460347690e+06	5.203494019572308815e+01
6.410474675654203165e+05	4.937751719582205638e+06	5.198661350730941422e+01
6.410474675654203165e+05	4.937751719582205638e+06	5.198661350730941422e+01
6.410475614148301538e+05	4.937751644827715121e+06	5.195761749426120701e+01
6.410475614148301538e+05	4.937751644827715121e+06	5.195761749426120701e+01
6.410476561698530568e+05	4.937751572214966640e+06	5.195278482541984033e+01
6.410476561698530568e+05	4.937751572214966640e+06	5.195278482541984033e+01
6.410477514090546174e+05	4.937751500675888732e+06	5.190445813700616640e+01
6.410477514090546174e+05	4.937751500675888732e+06	5.190445813700616640e+01
